                    CPU0       CPU1       CPU2       CPU3       CPU4       CPU5       CPU6       CPU7       
          HI:       2857       2250       1902       1280       3780       1527       1374       1315
       TIMER:     866214     783965     691109     614823    4265430    2508177    1924368    1539994
      NET_TX:       3761       3464       2482       1918       8964       3608       3016       2225
      NET_RX:      72583      63720      62213      57440     316176     217164     169340     138984
       BLOCK:       2840       2228       1883       1268       3843       1539       1376       1308
BLOCK_IOPOLL:       2840       2227       1884       1268       3842       1539       1377       1308
     TASKLET:      62533      39502      44107      14242     657505     209203      64351      12334
       SCHED:     646538     595710     532694     475595    3556981    2706061    2079317    1622345
     HRTIMER:       2034       1900       1482       1146       7364       4764       3488       2807
         RCU:     670343     616270     583626     561813    2645351    1802180    1416977    1141317
